0.5519999861717224
0.5040000081062317
0.46400001645088196
0.5199999809265137
0.5160000324249268
0.5059999823570251
0.5260000228881836
0.6060000061988831
0.5860000252723694
0.4599999785423279
0.49799999594688416
0.5379999876022339
0.621999979019165
0.5760000348091125
0.6179999709129333
0.6159999966621399
0.5519999861717224
0.621999979019165
0.5419999957084656
0.47200000286102295
0.4779999852180481
0.5379999876022339
0.4919999837875366
0.4440000057220459
0.40799999237060547
0.4779999852180481
0.4660000205039978
0.5379999876022339
0.621999979019165
0.6820000410079956
0.6480000019073486
0.6079999804496765
0.6360000371932983
0.6159999966621399
0.6019999980926514
0.6100000143051147
0.4779999852180481
0.44200000166893005
0.48399999737739563
0.6439999938011169
0.5479999780654907
0.5640000104904175
0.48399999737739563
0.6959999799728394
0.7020000219345093
0.6759999990463257
0.6880000233650208
0.6980000138282776
0.7080000042915344
0.6740000247955322
0.5860000252723694
0.6200000047683716
0.6179999709129333
0.621999979019165
0.6299999952316284
0.6399999856948853
0.5999999642372131
0.6340000033378601
0.7059999704360962
0.6559999585151672
0.621999979019165
0.7059999704360962
0.6179999709129333
0.6279999613761902
0.6480000019073486
0.6959999799728394
0.593999981880188
0.6680000424385071
0.7420000433921814
0.6859999895095825
0.7359999418258667
0.6039999723434448
0.6420000195503235
0.6279999613761902
0.6920000314712524
0.6639999747276306
0.6940000057220459
0.699999988079071
0.7380000352859497
0.7120000123977661
0.715999960899353
0.6620000600814819
0.7120000123977661
0.6940000057220459
0.6240000128746033
0.6520000100135803
0.6559999585151672
0.6740000247955322
0.7540000081062317
0.6940000057220459
0.6920000314712524
0.7039999961853027
0.7239999771118164
0.6499999761581421
0.7120000123977661
0.6599999666213989
0.6859999895095825
0.6720000505447388
0.6780000329017639
0.715999960899353
0.6499999761581421
0.7359999418258667
0.7099999785423279
0.7859999537467957
0.6820000410079956
0.765999972820282
0.7520000338554382
0.7139999866485596
0.734000027179718
0.699999988079071
0.7420000433921814
0.7199999690055847
0.7380000352859497
0.7699999809265137
0.7080000042915344
0.7259999513626099
0.7279999852180481
0.7020000219345093
0.7380000352859497
0.7179999947547913
0.7599999904632568
0.5019999742507935
0.5180000066757202
0.6800000071525574
0.6179999709129333
0.6319999694824219
0.6920000314712524
0.6659999489784241
0.6579999923706055
0.6759999990463257
0.7380000352859497
0.7199999690055847
0.7380000352859497
0.7320000529289246
0.5760000348091125
0.7480000257492065
0.6820000410079956
0.6720000505447388
0.5699999928474426
0.6420000195503235
0.637999951839447
0.6459999680519104
0.6920000314712524
0.7380000352859497
0.7279999852180481
0.715999960899353
0.7680000066757202
0.7179999947547913
0.7440000176429749
0.7080000042915344
0.715999960899353
0.6820000410079956
0.7320000529289246
0.7080000042915344
0.7039999961853027
0.6299999952316284
0.6720000505447388
0.6720000505447388
0.6759999990463257
0.699999988079071
0.6880000233650208
0.6740000247955322
0.6599999666213989
0.7039999961853027
0.6520000100135803
0.6420000195503235
0.5519999861717224
0.5920000076293945
0.5719999670982361
0.5999999642372131
0.6360000371932983
0.6520000100135803
0.6539999842643738
0.7320000529289246
0.7299999594688416
0.6579999923706055
0.7320000529289246
0.7239999771118164
0.7199999690055847
0.7380000352859497
0.7320000529289246
0.6039999723434448
0.6079999804496765
0.637999951839447
0.6299999952316284
0.5999999642372131
0.6299999952316284
0.6319999694824219
0.6240000128746033
0.699999988079071
0.6459999680519104
0.7199999690055847
0.7459999918937683
0.7099999785423279
0.7259999513626099
0.7459999918937683
0.7739999890327454
0.7359999418258667
0.7540000081062317
0.7299999594688416
0.7400000095367432
0.7239999771118164
0.6620000600814819
0.6480000019073486
0.6459999680519104
0.6820000410079956
0.6659999489784241
0.5619999766349792
0.5879999995231628
0.6019999980926514
0.49400001764297485
0.637999951839447
0.6200000047683716
0.621999979019165
0.6200000047683716
0.45799997448921204
0.7580000162124634
0.7459999918937683
0.6740000247955322
0.7199999690055847
0.734000027179718
0.6279999613761902
0.4619999825954437
0.49799999594688416
0.5
0.5199999809265137
0.715999960899353
0.715999960899353
0.7059999704360962
0.7059999704360962
0.6499999761581421
0.6399999856948853
0.6360000371932983
0.6680000424385071
0.6520000100135803
0.6340000033378601
0.7080000042915344
0.7020000219345093
0.722000002861023
0.7520000338554382
0.6840000152587891
0.6079999804496765
0.6079999804496765
0.6820000410079956
0.6880000233650208
0.6759999990463257
0.6780000329017639
0.5979999899864197
0.6720000505447388
0.5899999737739563
0.715999960899353
0.7380000352859497
0.7259999513626099
0.7059999704360962
0.715999960899353
0.6599999666213989
0.6459999680519104
0.621999979019165
0.7239999771118164
0.6859999895095825
0.6279999613761902
0.6840000152587891
0.6480000019073486
0.6800000071525574
0.6439999938011169
0.6639999747276306
0.6699999570846558
0.6899999976158142
0.6940000057220459
0.699999988079071
0.7580000162124634
0.7599999904632568
0.6980000138282776
0.7199999690055847
0.7520000338554382
0.7599999904632568
0.7639999985694885
0.7440000176429749
0.7680000066757202
0.7420000433921814
0.7099999785423279
0.7359999418258667
0.7099999785423279
0.7320000529289246
0.7680000066757202
0.715999960899353
0.5740000009536743
0.5760000348091125
0.5879999995231628
0.5860000252723694
0.5540000200271606
0.6240000128746033
0.6399999856948853
0.6279999613761902
0.6039999723434448
0.3319999873638153
0.5180000066757202
0.7299999594688416
0.621999979019165
0.5180000066757202
0.5019999742507935
0.5640000104904175
0.5260000228881836
0.4860000014305115
0.7099999785423279
0.6880000233650208
0.715999960899353
0.6759999990463257
0.6480000019073486
0.6980000138282776
0.6279999613761902
0.6539999842643738
0.6599999666213989
0.6680000424385071
0.5999999642372131
0.6399999856948853
0.25200000405311584
0.4779999852180481
0.46799999475479126
0.6399999856948853
0.6699999570846558
0.7059999704360962
0.7599999904632568
0.7440000176429749
0.6940000057220459
0.7239999771118164
0.715999960899353
0.5860000252723694
0.5640000104904175
0.6859999895095825
0.6740000247955322
0.6539999842643738
0.6780000329017639
0.6959999799728394
0.6800000071525574
0.6899999976158142
0.6699999570846558
0.6780000329017639
0.6859999895095825
0.7299999594688416
0.7279999852180481
0.7559999823570251
0.7199999690055847
0.7120000123977661
0.722000002861023
0.7520000338554382
0.6480000019073486
0.7440000176429749
0.7199999690055847
0.765999972820282
0.7699999809265137
0.7599999904632568
0.5479999780654907
0.7299999594688416
0.5640000104904175
0.6740000247955322
0.7099999785423279
0.5659999847412109
0.7039999961853027
0.6820000410079956
0.75
0.5839999914169312
0.6240000128746033
0.5379999876022339
0.5799999833106995
0.6060000061988831
0.6959999799728394
0.6039999723434448
0.6319999694824219
0.6240000128746033
0.6940000057220459
0.7259999513626099
0.7059999704360962
0.6840000152587891
0.7839999794960022
0.7599999904632568
0.6880000233650208
0.7139999866485596
0.6240000128746033
0.7459999918937683
0.75
0.75
0.7359999418258667
0.7299999594688416
0.7400000095367432
0.7400000095367432
0.7699999809265137
0.75
0.7420000433921814
0.7639999985694885
0.734000027179718
0.715999960899353
0.722000002861023
0.715999960899353
0.7199999690055847
0.715999960899353
0.5440000295639038
0.7440000176429749
0.5839999914169312
0.6780000329017639
0.7080000042915344
0.7199999690055847
0.6159999966621399
0.5879999995231628
0.5860000252723694
0.5640000104904175
0.5799999833106995
0.5740000009536743
0.6039999723434448
0.6599999666213989
0.5979999899864197
0.5679999589920044
0.5979999899864197
0.6439999938011169
0.6240000128746033
0.6360000371932983
0.5579999685287476
0.6559999585151672
0.6820000410079956
0.6599999666213989
0.6880000233650208
0.6420000195503235
0.7279999852180481
0.5479999780654907
0.5299999713897705
0.5899999737739563
0.7380000352859497
0.722000002861023
0.6539999842643738
0.7099999785423279
0.715999960899353
0.6599999666213989
0.5579999685287476
0.7199999690055847
0.777999997138977
0.6720000505447388
0.6780000329017639
0.7139999866485596
0.7139999866485596
0.6620000600814819
0.7020000219345093
0.6859999895095825
0.6399999856948853
0.6899999976158142
0.6240000128746033
0.5160000324249268
0.5239999890327454
0.6399999856948853
0.6079999804496765
0.5879999995231628
0.6820000410079956
0.7520000338554382
0.7039999961853027
0.7139999866485596
0.7179999947547913
0.7239999771118164
0.6820000410079956
0.75
0.7239999771118164
0.7420000433921814
0.5440000295639038
0.5899999737739563
0.5399999618530273
0.5659999847412109
0.5820000171661377
0.7359999418258667
0.7099999785423279
0.7099999785423279
0.7739999890327454
0.7739999890327454
0.7620000243186951
0.6859999895095825
0.7039999961853027
0.5519999861717224
0.5440000295639038
0.5099999904632568
0.7080000042915344
0.7400000095367432
0.7199999690055847
0.7239999771118164
0.7259999513626099
0.734000027179718
0.7279999852180481
0.5600000023841858
0.6420000195503235
0.5440000295639038
0.5920000076293945
0.5299999713897705
0.6039999723434448
0.5879999995231628
0.578000009059906
0.5799999833106995
0.5839999914169312
0.5699999928474426
0.5879999995231628
0.5960000157356262
0.6140000224113464
0.7120000123977661
0.7380000352859497
0.6459999680519104
0.7099999785423279
0.5079999566078186
0.49799999594688416
0.5099999904632568
0.49400001764297485
0.4699999988079071
0.5199999809265137
0.5160000324249268
0.5799999833106995
0.5659999847412109
0.4899999797344208
0.5260000228881836
0.5120000243186951
0.45799997448921204
0.5160000324249268
0.5260000228881836
0.49799999594688416
0.5440000295639038
0.5460000038146973
0.5640000104904175
0.5339999794960022
0.4919999837875366
0.5320000052452087
0.5019999742507935
0.47999998927116394
0.5299999713897705
0.5320000052452087
0.5559999942779541
0.5299999713897705
0.5120000243186951
0.5339999794960022
0.6299999952316284
0.7520000338554382
0.7259999513626099
0.7080000042915344
0.6740000247955322
0.6800000071525574
0.7599999904632568
0.7459999918937683
0.7080000042915344
0.7279999852180481
0.6399999856948853
0.6480000019073486
0.6880000233650208
0.6880000233650208
0.6680000424385071
0.6800000071525574
0.6659999489784241
0.6620000600814819
0.7299999594688416
0.7179999947547913
0.7440000176429749
0.7380000352859497
0.699999988079071
0.7739999890327454
0.6959999799728394
0.6980000138282776
0.6920000314712524
0.7020000219345093
0.6019999980926514
0.6459999680519104
0.6780000329017639
0.7099999785423279
0.5960000157356262
0.6019999980926514
0.7580000162124634
0.7420000433921814
0.6899999976158142
0.7320000529289246
0.7199999690055847
0.6959999799728394
0.7059999704360962
0.6959999799728394
0.7820000052452087
0.699999988079071
0.7420000433921814
0.6599999666213989
0.6780000329017639
0.7420000433921814
0.5619999766349792
0.6399999856948853
0.7359999418258667
0.7480000257492065
0.6480000019073486
0.7039999961853027
0.6060000061988831
0.7279999852180481
0.5600000023841858
0.7259999513626099
0.7259999513626099
0.699999988079071
0.7080000042915344
0.7459999918937683
0.7099999785423279
0.7139999866485596
0.7440000176429749
0.7039999961853027
0.7199999690055847
0.75
0.7039999961853027
